00000000001000100000100000100000
00000000010000110001000000100010
00000000001000100010000000100100
00000000100000000010001010000000
00000000101001110010100000100101
00000000100001010010000000100111
10101100100001000000000000010100
10001101000001100000000000001010
00000000110000000100000111000010
00000000110010000100100000100000
00000001000010011100100000100111
00000011001000001100100000000000
00000000000111111111000000100010
00000010011000001000100000100101
10101101110100010000000100101100
00000010111000000000011111000010
10001111111101010000000000000000
00000000000101011000000000100100
00000001111100000111100000100000
10101110001011110000000000010001
